529
367
997
683
449
613
37
289
137
929
373
41
139
769
617
293
223
43
853
701
691
619
457
773
541
307
937
461
379
227
47
857
463
311
229
49
941
859
383
149
313
151
709
547
233
53
863
467
631
317
947
389
401
157
787
239
59
241
61
953
719
557
163
641
397
479
643
409
67
877
563
167
797
331
961
727
251
71
169
881
809
647
811
73
101
883
487
173
569
103
733
571
337
967
653
491
419
257
887
421
503
79
107
971
179
11
109
181
821
739
577
263
83
659
13
823
661
113
743
509
499
347
977
907
431
349
17
827
269
89
433
271
19
911
829
353
191
983
587
121
751
23
5
193
601
25
7
673
521
439
277
97
593
359
197
523
361
127
991
919
757
443
281
29
199
839
677
211
31
841
607
283
131
761
599
count = 177 
